1.021013854980468750e+03
9.435903930664062500e+02
9.518150634765625000e+02
9.459987792968750000e+02
9.531655883789062500e+02
9.493627929687500000e+02
9.511207275390625000e+02
9.508403930664062500e+02
9.492390747070312500e+02
9.467565917968750000e+02
9.495913696289062500e+02
9.519660034179687500e+02
9.494611206054687500e+02
9.489812011718750000e+02
9.482478027343750000e+02
9.498250732421875000e+02
9.478306274414062500e+02
9.493391113281250000e+02
9.474777221679687500e+02
9.489882812500000000e+02
9.485310058593750000e+02
9.480768432617187500e+02
9.483982543945312500e+02
9.491766357421875000e+02
9.486099243164062500e+02
9.490755004882812500e+02
9.485017089843750000e+02
9.490532836914062500e+02
9.488766479492187500e+02
9.478698730468750000e+02
9.486848754882812500e+02
9.484604492187500000e+02
9.486317749023437500e+02
9.483229370117187500e+02
9.483926391601562500e+02
9.482053222656250000e+02
9.484721069335937500e+02
9.483546752929687500e+02
9.488040161132812500e+02
9.487118530273437500e+02
9.486950073242187500e+02
9.484315185546875000e+02
9.489392089843750000e+02
9.489798583984375000e+02
9.490475463867187500e+02
9.491047363281250000e+02
9.491996459960937500e+02
9.495136108398437500e+02
9.493365478515625000e+02
9.494566040039062500e+02
9.495996704101562500e+02
9.494540405273437500e+02
9.495751953125000000e+02
9.496762695312500000e+02
9.496788940429687500e+02
9.497186889648437500e+02
9.497643432617187500e+02
9.498118286132812500e+02
9.498264770507812500e+02
9.497611083984375000e+02
9.497007446289062500e+02
9.495493164062500000e+02
9.497727050781250000e+02
9.495803222656250000e+02
9.495167236328125000e+02
9.494372558593750000e+02
9.494725341796875000e+02
9.493602294921875000e+02
9.493754882812500000e+02
9.493374633789062500e+02
9.494274291992187500e+02
9.493654174804687500e+02
9.493619384765625000e+02
9.490155029296875000e+02
9.491310424804687500e+02
9.490378417968750000e+02
9.491788330078125000e+02
9.490900268554687500e+02
9.491289062500000000e+02
9.494694213867187500e+02
9.494807128906250000e+02
9.494140625000000000e+02
9.493072509765625000e+02
9.498473510742187500e+02
9.499047851562500000e+02
9.497310180664062500e+02
9.501810913085937500e+02
9.504178466796875000e+02
9.504954833984375000e+02
9.506221923828125000e+02
9.509049682617187500e+02
9.512516479492187500e+02
9.516033325195312500e+02
9.516416625976562500e+02
9.519530029296875000e+02
9.523255004882812500e+02
9.525739746093750000e+02
9.526951904296875000e+02
9.529196777343750000e+02
9.532538452148437500e+02
9.535565795898437500e+02
9.537395019531250000e+02
9.540895385742187500e+02
9.544267578125000000e+02
9.546016845703125000e+02
9.546907348632812500e+02
9.549739990234375000e+02
9.549572143554687500e+02
9.554758300781250000e+02
9.558293457031250000e+02
9.561267089843750000e+02
9.562028808593750000e+02
9.563749389648437500e+02
9.565466308593750000e+02
9.566557006835937500e+02
9.567821044921875000e+02
9.569534301757812500e+02
9.572258911132812500e+02
9.575494384765625000e+02
9.577329711914062500e+02
9.579550781250000000e+02
9.583118286132812500e+02
9.587842407226562500e+02
9.590548706054687500e+02
9.590674438476562500e+02
9.589077758789062500e+02
9.590770263671875000e+02
9.592934570312500000e+02
9.594340209960937500e+02
9.596368408203125000e+02
9.597241821289062500e+02
9.599332275390625000e+02
9.601249389648437500e+02
9.605592651367187500e+02
9.607324218750000000e+02
9.607662963867187500e+02
9.605354614257812500e+02
9.606874389648437500e+02
9.605008544921875000e+02
9.604268188476562500e+02
9.605675659179687500e+02
9.605836181640625000e+02
9.604848632812500000e+02
9.605551757812500000e+02
9.606414184570312500e+02
9.606430664062500000e+02
9.606857299804687500e+02
9.610280761718750000e+02
9.613148803710937500e+02
9.614388427734375000e+02
9.613049316406250000e+02
9.614707641601562500e+02
9.615092163085937500e+02
9.616233520507812500e+02
9.619287719726562500e+02
9.620927734375000000e+02
9.619463500976562500e+02
9.620344238281250000e+02
9.621625976562500000e+02
9.622200317382812500e+02
9.622683715820312500e+02
9.623098754882812500e+02
9.624679565429687500e+02
9.625646972656250000e+02
9.626844482421875000e+02
9.627976684570312500e+02
9.629988403320312500e+02
9.631355590820312500e+02
9.632044067382812500e+02
9.633638305664062500e+02
9.635263061523437500e+02
9.636120605468750000e+02
9.637219238281250000e+02
9.638862304687500000e+02
9.639460449218750000e+02
9.640992431640625000e+02
9.642582397460937500e+02
9.644458618164062500e+02
9.646443481445312500e+02
9.647634277343750000e+02
